   1  0.0 0.0 0.0 18.0 0.0 12.5 0.0 18.0 0.0 25.0 0.0 18.0
   56  0.0 0.0 0.0 1.8 12.5 0.0 0.0 1.8 25.0 0.0 0.0 1.8
   35  -0.0 25.0 0.0 4.0 -0.0 62.5 0.0 4.0 -0.0 100.0 0.0 4.0
   6  -0.0 25.0 0.0 1.7 0.0 7.0 -24.0 1.7 0.0 -11.0 -48.0 1.7
   5  -0.0 25.0 0.0 1.7 -24.0 7.0 0.0 1.7 -48.0 -11.0 0.0 1.7
   4  -0.0 25.0 0.0 1.7 0.0 7.0 24.0 1.7 0.0 -11.0 48.0 1.7
   3  -0.0 25.0 0.0 1.7 24.0 7.0 0.0 1.7 48.0 -11.0 0.0 1.7
   2  -0.0 25.0 0.0 1.7 0.0 -5.0 0.0 1.7 0.0 -35.0 0.0 1.7
   57  25.0 0.0 0.0 1.4 50.0 0.0 0.0 1.4 75.0 0.0 0.0 1.4
   36  -0.0 100.0 0.0 3.8 -0.0 137.50002 0.0 3.8 -0.0 175.0 0.0 3.8
   12  -0.0 100.0 0.0 1.24 30.0 100.0 0.0 1.24 60.0 100.0 0.0 1.24
   7  -0.0 100.0 0.0 1.24 -30.0 100.0 0.0 1.24 -60.0 100.0 0.0 1.24
   17  0.0 -11.0 -48.0 1.7 0.0 -29.0 -72.0 1.7 0.0 -47.0 -96.0 1.7
   16  -48.0 -11.0 0.0 1.7 -72.0 -29.0 0.0 1.7 -96.0 -47.0 0.0 1.7
   15  0.0 -11.0 48.0 1.7 0.0 -29.0 72.0 1.7 0.0 -47.0 96.0 1.7
   14  48.0 -11.0 0.0 1.7 72.0 -29.0 0.0 1.7 96.0 -47.0 -0.0 1.7
   13  0.0 -35.0 0.0 1.7 -0.0 -65.0 -0.0 1.7 0.0 -95.0 0.0 1.7
   59  75.0 0.0 0.0 1.0 98.0265 -9.735461 0.0 1.0 121.05301 -19.47089 0.0 1.0
   58  75.0 0.0 0.0 1.0 98.0265 9.735458 0.0 1.0 121.05301 19.47091 0.0 1.0
   11  -0.0 175.0 0.0 1.24 -0.0 175.0 30.0 1.24 0.0 175.00127 60.0 1.24
   8  -0.0 175.0 0.0 1.24 -0.0 175.0 -30.0 1.24 9.6924923E-4 175.0 -60.0 1.24
   37  -0.0 175.0 0.0 3.6 0.0 212.5 0.0 3.6 -0.0 250.0 0.0 3.6
   23  60.0 100.0 0.0 1.24 90.0 100.0 0.0 1.24 120.0 100.0 0.0 1.24
   18  -60.0 100.0 0.0 1.24 -90.0 100.0 0.0 1.24 -120.0 100.0 0.0 1.24
   28  0.0 -47.0 -96.0 1.7 0.0 -65.0 -120.0 1.7 0.0 -83.0 -144.0 1.7
   27  -96.0 -47.0 0.0 1.7 -120.0 -65.0 0.0 1.7 -144.0 -83.0 0.0 1.7
   26  0.0 -47.0 96.0 1.7 0.0 -65.0 120.0 1.7 0.0 -83.0 144.0 1.7
   25  96.0 -47.0 -0.0 1.7 120.0 -65.0 -0.0 1.7 144.0 -83.0 -0.0 1.7
   24  0.0 -95.0 0.0 1.7 0.0 -125.0 0.0 1.7 0.0 -155.0 0.0 1.7
   61  121.05301 -19.47089 0.0 1.0 144.08 -29.206387 0.0 1.0 167.106 -38.941883 0.0 1.0
   60  121.05301 19.47091 0.0 1.0 144.08 29.206413 0.0 1.0 167.106 38.941814 0.0 1.0
   22  0.0 175.00127 60.0 1.24 0.0 175.00179 90.00081 1.24 0.001051122 175.00171 120.0 1.24
   19  9.6924923E-4 175.0 -60.0 1.24 0.0012438841 175.0 -90.0 1.24 0.0015255462 175.0 -120.0 1.24
   10  -0.0 250.0 0.0 1.24 30.0 250.0 0.0 1.24 60.0 250.0 0.0 1.24
   9  -0.0 250.0 0.0 1.24 -30.0 250.0 0.0 1.24 -60.0 250.0 0.0 1.24
   38  -0.0 250.0 0.0 3.4 0.0 287.5 0.0 3.4 0.0 325.0 0.0 3.4
   34  120.0 100.0 0.0 1.24 150.0 100.0 0.0 1.24 -180.0 100.0 0.0 1.24
   29  -120.0 100.0 0.0 1.24 -150.0 100.0 0.0 1.24 -180.0 100.0 0.0 1.24
   33  0.001051122 175.00171 120.0 1.24 0.0014038613 175.00258 150.0 1.24 0.0017566012 175.0035 180.0 1.24
   30  0.0015255462 175.0 -120.0 1.24 0.0025291569 175.0 -150.0 1.24 0.00349254 175.0 -180.0 1.24
   21  60.0 250.0 0.0 1.24 90.00086 250.0 0.0 1.24 120.0 250.0 0.0 1.24
   20  -60.0 250.0 0.0 1.24 -90.0 249.99913 0.0 1.24 -120.0 250.0 0.0 1.24
   39  0.0 325.0 0.0 3.2 0.0012298224 362.5 0.0 3.2 0.0018377064 400.0 0.0 3.2
   32  120.0 250.0 0.0 1.24 150.0 249.99889 0.0 1.24 -180.0 249.99825 0.0 1.24
   31  -120.0 250.0 0.0 1.24 -150.0 249.99908 0.0 1.24 -180.0 250.0 0.0 1.24
   40  0.0018377064 400.0 0.0 3.0 0.002490441 437.50006 0.0 3.0 0.0030934676 475.0 0.0 3.0
   41  0.0030934676 475.0 0.0 2.8 0.0037013518 512.5 0.0 2.8 0.004297351 550.0 0.0 2.8
   42  0.004297351 550.0 0.0 2.6 0.004884154 587.5 0.0 2.6 0.0054990654 625.0 0.0 2.6
   43  0.0054990654 625.0 0.0 2.4 0.006158827 662.5 0.0 2.4 0.0067429417 700.0 0.0 2.4
   44  0.0067429417 700.0 0.0 2.0 0.007388649 737.5 0.0 2.0 0.007996533 775.0 0.0 2.0
   45  0.007996533 775.0 0.0 1.6 0.008642241 812.5001 0.0 1.6 0.009192871 850.0 0.0 1.6
   46  0.009192871 850.0 0.0 1.4 0.009800755 887.49994 0.0 1.4 0.0104183545 925.0 0.0 1.4
   47  0.0104183545 925.0 0.0 1.2 0.011026239 962.5 0.0 1.2 0.011648177 1000.0 0.0 1.2
   49  0.011648177 1000.0 0.0 1.1 11.695089 1027.6318 0.0 1.1 23.37855 1055.2676 0.0 1.1
   48  0.011648177 1000.0 0.0 1.1 -11.669942 1027.6323 0.0 1.1 -23.352028 1055.2684 0.0 1.1
   51  23.37855 1055.2676 0.0 1.1 35.060993 1082.8975 0.0 1.1 46.74449 1110.5272 0.0 1.1
   50  -23.352028 1055.2684 0.0 1.1 -35.0342 1082.8987 0.0 1.1 -46.716194 1110.5288 0.0 1.1
   53  46.74449 1110.5272 0.0 1.1 58.426914 1138.157 0.0 1.1 70.110405 1165.7869 0.0 1.1
   52  -46.716194 1110.5288 0.0 1.1 -58.39841 1138.1588 0.0 1.1 -70.08056 1165.7892 0.0 1.1
   55  70.110405 1165.7869 0.0 1.1 81.7928 1193.4166 0.0 1.1 93.47627 1221.0565 0.0 1.1
   54  -70.08056 1165.7892 0.0 1.1 -81.762665 1193.4192 0.0 1.1 -93.44476 1221.0594 0.0 1.1